@Using Triangular Membership Functions as antecedent fuzzy sets

@Number of Labels in Variable 1: 5
sepalLength:
L_0(5): (3.2847267941945306,4.184726794194531,5.084726794194531)
L_1(5): (4.395759458479623,5.2957594584796235,6.195759458479623)
L_2(5): (5.417928313886861,6.31792831388686,7.21792831388686)
L_3(5): (6.165555086677168,7.065555086677168,7.965555086677169)
L_4(5): (6.78329601044479,7.68329601044479,8.58329601044479)


@Number of Labels in Variable 2: 5
sepalWidth:
L_0(5): (1.605166276150228,2.205166276150228,2.8051662761502283)
L_1(5): (2.067515473172726,2.667515473172726,3.2675154731727263)
L_2(5): (2.7378905655263988,3.337890565526399,3.937890565526399)
L_3(5): (3.0644312911705316,3.6644312911705317,4.264431291170532)
L_4(5): (3.5370922342716944,4.1370922342716945,4.737092234271694)


@Number of Labels in Variable 3: 5
petalLength:
L_0(5): (0.0920631782471324,1.5670631782471325,3.0420631782471323)
L_1(5): (0.7004862916282355,2.1754862916282356,3.6504862916282357)
L_2(5): (2.0651642993062156,3.5401642993062157,5.015164299306217)
L_3(5): (4.25900319970772,5.73400319970772,7.20900319970772)
L_4(5): (5.24669736812548,6.721697368125479,8.196697368125479)


@Number of Labels in Variable 4: 5
petalWidth:
L_0(5): (-0.5995696245318312,4.3037546816883376E-4,0.6004303754681688)
L_1(5): (0.17694152786216952,0.7769415278621694,1.3769415278621695)
L_2(5): (0.5457527647927733,1.1457527647927734,1.7457527647927733)
L_3(5): (1.5983064518376349,2.198306451837635,2.798306451837635)
L_4(5): (1.8093123009041292,2.409312300904129,3.009312300904129)


@Values of the exponents of the classes:
Class 1: 0.8632573426176635
Class 2: 0.3966882346160287
Class 3: 3.857474809005285
